3881  416 2742 1664 1077 9163 3714 4119 6457 1591 6292 4308 9670 3387 9700 9208 
6830 6957 9331 2839 7157 2286 5316  959 8847 2416 1133 8070 7602 6559 5847 2521 
3632 6568 3473 2938 3072 2151 1890 4502 6156 2175 1899 9530 2926 6780 1041 8832 
 778 5818 3026 5113  915  709 5135 4665 1696 3553 3149 2844  682 8574 6088 5149 
7479 7411 5275 9894 5876 2730 4271 7747 2368 6828 7307 4376 6548 5500 8880 7713 
 279 4531 7134 4335 4093  249 9232  433 5671 9642 5875 1044 7067 5088 2311 5496 
1608 4669 3181 1103  117 8543   43  832 7160 5070 9727 6238 7234 9705 7525 8291 
8705 4955  845 2984 5948 2253 5118 1720 1485 9380  621 1827  494 4115 3589 6968 
3307 6759 2331 5815 4117 8554 4054 3774 2800 1349 5696 5831 6746 9341 4690 9236 
2853 5016 1722 6016 1086 5416 3151 5050 6806 2699 4251 1461 7875 2021 6264 9094 
7590 9536 2856 1035 5834 6645 1768 6748  513 4372 5449 7600 6125 8200 2494 8579 
6914 3170 8846  130  194 4257 5801 7510 2706 6260 1799 6490 1136 5307 3685 5845 
2511 5001 4262 7483   66 4408 9199 3921 5489 9102 4173 4604  381   99 3785 3790 
7272 7370 6530 6893 1460 7000 5535 4437 8587 9105 7753 2245 1526 4675 8285 8947 
 324 9659 3070 2029 6526 6510 4768 6848  217  155 5832 8680 5711 6671  743 5366 
3157 6580 4882 9449 9674 8718 1886 6299 2141 4546 9411 7329 3403 2996 2267 9946 
 174  824 9011 1862  595 8404 6821  241 8970 7670 3630 6861 6875 5985 5062 9366 
5100 1708 6869 3401  826 7511 5931 4837 3335 7430 7472 4528  761 5261 6440  641 
1385 9403 6203 6179 7237 6430 6919 3063 7321  755 4868 7971 2054  636 6903 5276 
3526 1702 8227 6945 2774 4343 5953 4753 6824 8391 4826 5866 2407 5892 1003 8339 
4482 7712 6984 2448 5250  657  299 7120 5441 6542 2539   29 2433 7230 8538 4865 
6138 3185 8712 5970 8337 9711 1257 8048 2502 6284 5896 3529 7415 8272 5384 1066 
2723 2263 1213 9473 3615 1717  470 1157 9034 5211 7802 2215 6306 8633 3353  910 
1637 8951  362 4620 3916 5566 2939 6902 3361 3238 6339 4821 5309 4427   22 4187 
9159 1293 9610 6166 8100 9258 9031 9535 1334 6090 6971 4603 3005 4520 5740 1784 
6516 5631 5867 2933 6738 1269 8819 9264 7490 3375 4282 1959  839 3230 8295 5768 
1255 8570 1324 5488   36 4825 5685 5777 1475 4966 2024 5523  445 2529 9841 7770 
8564 3626   32 1202 8330 2903 4962 6000 3705 8306 1210 8318 4926 1008 3969 1198 
1844 1985 6465 4145 6532 5729 8452 6939 9733 7656 9845 9492 3815 5498 7933 6421 
4352 5007 9135 8945 2394 4715 3853 3677 2472 4505 6995 2682 6065 2912 3221 2105 
1122 3892  529 7653 8064 8144 6226 8304 5206 7083 5788 7001 4855 9807 8131 9666 
4158 4592 5440 1110 1476 2615 8797 8852 5822 6404 4471 1323 4659 2070 2489 3320 
5271 4557 9382 9735 5197 1002 7243 9436 1511 9886 4483 8178 9738 7740 5148 7920 
9207 8025 7360 3069 1359 6610 5072 7928 9737 9049 4478 6922  747 2108 3701 1805 
 597 5133 9309 4190 5462 2199 2372 5420 1061 9227 9192 5232 3021 9001 7620 3964 
9526 5059 8583 5542 9170 7125 1446 6342 9381 1289 5282 7703 8484 8623 8168 8270 
1493 2127 8136 3220  364 4852 2173 4928  242 3193 1017  994 7133 9942  632 8312 
9749 8315 9626 4434 4726 2509  184 8161 5945 3875 5181 7605 8549 4433 8451 1996 
8416 7397 7638 4664 6688 2512 1796 9348 1178  489 7200 5920 6137 7429  503 7030 
7032 6550 6972 4973 2015 5908 3436 6976 7685 7358 1945 6277 7612 5053 2519 4854 
3054 1421 4994 2047 9777 4062 1875 8691 8978 4545 8689 6831 6034 7927 7310 7159 
2768 6801 1123 3065 9650 5813 3882 6770 4060 9703 1654  119  108 4174 5435 7704 
9220 7895 1321 4080 7069 1981 5246 3292 4507 1116 5645 8621 7947  356 1457 9762 
1486 1657 9828 3749 8448 2722 5347 6665 7763 5652 8376  880 5234 7902 6695 9429 
9136 2333 2414 4469 2781  399 6189 2681 6240 2080 7425   70 9401 4737 9552 8998 
9591 1376 2830  140 3728 7820 3913 1434 4911  794 4895 6918 8902  773 5242  783 
4892 1326 4608 3337 9079 4346 4025 3689 4371 4395 7257 5753 1196 6895 8524 3791 
7534 1563 3823 4020  974 2346 5576 3146 8717 1090 9928  651 4350 7221 1141 5447 
2006 8431 5855 2077 1741 1952  586  414 8806 5662 7286 1173 3305 9585 5853 3456 
2214 9424 9529 7547 2884 1781 8419 7102 1232 9248 3672 1132 7297 2279 5593 5719 
6017 8087 1778 4397 3520  481 9392 5494 3358 5272 7485 7427 9082 8189 8590 5354 
7876 9178 3848 9509 1746  578 2490 3280 2885 3272 4706 6789 9883 2670 1573 7734 
2235 8802 5186 8907 4511 1287 5728 4640  877 2870 1236 4845 1619 5570 8219 1418 
 840 1780 1943 6742 9368 9707 8891 3954 2997 1808 8540 2713 8038 9994 4719 7976 
5653 9217 3288 3319 2033  488  231 4244  878 9149 4881 9895 9016 2466 3281 1986 
1097   30 7751 6104 9901 4710 9077 5302 4017 9673 4549 9801 7017 6676 3107 5934 
 737  553 7571 1555 6064 6988 8385   82 7481  936 1913 6908 4635 5345  714 1201 
6737 6171   94 8401 7484 7553 6520 4811 8630 6750 5240 6093 1379 1043 3947 4574 
7236 2066 6033 1024 4314 5557 6910 6994 2757 9818 3035 3667 5101 9503 2322 5659 
 272 3027 1063 9100 5278 6638 3206 6871 9651  765 2380 6386 1400 6799 1312 7834 
9879 7089  549 3479 5688 8297  136 2316 3647 4533 4529 5116 4925 7387 4699 1005 
5837 3860 2184 9675  461 4301 9834 8974 7269 1806 5064 3888  643 5787 9243 9083 
5155 4064 2762 7197 2315 2202 7301 2421 3656 6397  476 8467  610 9394 2564 7190 
2365 4775 3609 6368 6320 8016 9071  987 6845 5190 3946 7168 8992   86 7107 7128 
6334 3404 8278 5749 8925 2226  438 9153 7651 8745 9829 9551 3448 6423 7284 4890 
8829 2604   25 7856 5008 1053  434 4196 4198 1837  860  647 2918 9353 5259 4565 
9304 1167 1885 1292 5791 3370  325 8454 3119 2164 2940 4191 4076 3975 1022 1119 
3552 1751 5697 5679  729 5436  807 6336 7823  799 9296 3722 4365 4649 1569 4916 
5002 8935 2343 5305 1054 1970 3055 6904 2130 7122 2814 7769 6247 2477 4290 5341 
6932 8204 3301 5408 8905 3762  763   28 5343 7204  392 3919  633 4293 3168 7565 
7195 4351 1301 5269 6286 9191 3652  280 6008 3839 7541 9803 1073 4812 7007 6650 
1219 9656 4830 8659 9497 3922 9323 6265 4333 6749 6091 1512  278 6519 8225 6007 
7761 3445 2482 2558 4360 4861 7926 3155 8958 6579  751 6230  552  592 4568 5700 
4594 5296 8012 4863 2488 9692 3208 3522 6658 9108 1707 3683 2291  691 6756 9036 
 369 1889 9142  467 5243 8772 5554 6504 4522 8616 6036  998  180 3573 2758 2496 
3046 4887 2557  854 8111 3991 4986 2580 1697 6057 8080 4259  816 6059 4393 4269 
7138 7169 7776 7040 3427 2650 5131 1645 9349 4144 3333  294 6187 3229 8652 7282 
4625 1966  754 8162 9963 3430 7382 9190  228 7969 7003 6674  276 4181 3845  253 
7050 2326 2139 7531 4644 3627 8839 6909 3631 2700 6463 1318 5477 5403 3169 6880 
8223 5833 8147 8478 2453 1843 5402 5301 2621 4934 8073 8116 5667 3866 6634 8173 
3377 9898 5247 4399 4542 6603 9307 9400 1743 5873 9472 4716 5396 8930   48  956 
 239 5524 3285 2784  975 7815 7551 1881  852 4329 5442 9654  149 7405 2258 4984 
6147 8911 5543 1975 8034 3830 4846 5119 3129 9877 2320 4172 3639 1229 4252 5518 
7972 1181 4473 7515 8393 8615 7588 4368 2374 3502 7606 5482 5534 7727  376 2967 
2412  949 1594 4991 5274 3973 8335 8803 1704 6350 3420 7042 8531 1282 4069 9896 
5045 5215 9129 6719 9184 9850 3263 8194 9821 4120  733 5906 5368 9730 1451 2308 
5938 3786 7300 7743 8607 2429 2947 1579 3897  891  410 8796 7116 7185 8326 8123 
5132 8600 4760 3098 7829 5854 9040 1286  495 1215 7253 2895 5803 5510 8417 1470 
8112 3308  717 1150 4491 5267  962 5987 9357 2334 6775 6751 5158 5954  500 3481 
3490 1051 2974  803  426 2065 1611 2031 8349 8442 6523 7454 1370 3808 5256 8991 
1299  986 5433 9358 9452 7959 7470 8125 6030  141  625  991 4101 9523 5501 9259 
8826 6178 5894 2022 3274 9214 1294 9545 9020 6624 4390 7249 3329 3967 7494 1714 
9643 8834 9767 5690 7678 8893 6270 9543 7608 9906  246 3981 7925 6285 5760 3663 
1804 6896 7679 8739  415 7364 5564 8859   95 6291 8971 3363  831 3558 5114 4429 
 983 3241 9022 1676 3354 1366 5677 4517 5810 8158 4910  653 1858 3475 8292 3495 
3226  702 6418 4791 4242  274 7106 5122 8840 7898 2044 1860 6396  658 9690 7544 
6788  700 5397 8672 3336 6881 8392 1161 6835 9504 4366 6823 9041 2469 1977 3223 
4389 3503  868 9948 6854 7828 4126 3999 9951 2160 3798 8373 5913 3995 7690 4729 
4479 3008 4558 8903 5336 2900 6003 7123 9718 5057 3075 3635 8433 3929 4739 5175 
2600 8357 6963 3511 4264 8299 3413 3304 8444 1205 3950 7936 3925 6855 9809 8892 
9698 8605 7746 3106 3624 2277 8638 6087 1718 4535 8046  526 3450  387   98 5293 
 870 8078 6118 2444 1701 7826 6596 4763 5423 9337 2517 7386 2614 4712 1853 4946 
3289 1851 7161  842 4341 2484 7698 7889 2586 4280 3857 9127 7276 1209  662 4484 
9000  764 6169 5785 5448 3426 3007 8642 7580 6696 4610 9484 1765 8383 1728 4495 
 532 6849 5467 9132 1869 6826 6325 5084 8725 6538 3416  902 9218  933 5125  361 
8396 4149 5982 4419  225  931 9955 4555   72 9305 2112 1968 4532 3002 6132 7081 
8916 7539 3199 4047 5456 5539 7053 3955 5767 5811 7433 1092 5480 5388 8350 4139 
 346 2296 8199  151 8504 8763 9229 9226 5615 4512  724 3909 8010 2669  200 8581 
9440  548 2280 3462 1482 3472 2056 3321 7572 9281 4099 4312  707 6153  284 7110 
8647 1770 8634 5806 6952 4283 1071  358 2246 4884 1987 1227 7376 8464 6832 6811 
3907 4972 1709 2749  229 4499 4509  390 1348 9618  319 7359 9373 9858 5628 4931 
9266 6684 1319 7332 7992 5075  704 2960 9691 3091 3563 3601 6578 2309 1126 7918 
 800 5137 7711 5083 7537 2942 2628 8738 1020  596 6349 9273 4089  758 5955  668 
3870 9222 3613 6733 7313 5327 1782 8098 3580 5984 4961 8296 4284 6443 2019 4348 
6718 3458  501 7659 4697 1499 8710 8493 1752 3342 7566 4454 5957 1494 2721  462 
7438 7748 6208 8180 7561 3681 2133 6414 4345  833 6944 1726 1472 2095  582 1345 
7355 2143 8210 8557 2035 6800 8730 6518 2874 2664 4391 7885  919  372 9215 4997 
5994 2283 5192  912 4392  742 8548 1074 2413 9084  248 3965 1247 5556 6813 3128 
1155  883 3618 7010 4036 2299 4968  107 8875 6810 3603 8053 7314 8254 8589 2765 
7715 1599 8253 5376 8303 9780 7579 9230 5807 6727 6239 7655 2072 5362 8865 3243 
3851 7496 8776 6489 3115  576 1048 9957 6790  873 4363 3166  475 6475 3068  266 
6451 1876  829 2192 6274 7292 9061 3235 9460 2393 3439 6315 1439 9251 5852 4526 
5641 1868 3669 5636 4513 5872 7340 2370 7356 5993 8940 2795 9004 4765 9833 4720 
7208 6890 8643 6031  334  250 7601 2684 6470 6190 8773 8212 4605 7666 6917 7887 
8338 7844 5877 1565  730 2657 3773 9257 6678 8898 7868 1712  122 1710 9109 1802 
7780 3849 2473 6864 2729 5303 4681 6084 9949 2845 4572 6249 6772 2904 6248 7904 
7654 5299 5453 5911 9970  708 6367 2619 8317 4336 3974 1989  401 7629 9219 1237 
6782 3911 5625 8322 4248 8432 8358 9054 4219 2660 7983 3893 7443 6768 6082 4942 
5928 1767 7559 7131 2782 2074 7119  750 5646 3177 1727 7729 2823  753 4338 8676 
 139 7374 1336 2735 2631 6487 9292 1313 4008 4176  106 4758 9668   90 2554 7788 
2835 2978 7545 5971  706 8465 9923 8505 4666 6266 9631 8300 8244 1877 8006 3029 
8008 2150 8262 5917 7996 6980 2170 8494 4007 2662  511 4559 1798 8273 8801 8043 
8481 9722  953  929 8084 9211 7707 1047 9701 6188 9787 6620 9542 1818  220 3994 
4294 1223 3205 9047 1159 8019 5335 4364  746 8722 1757 4582 7688 3248  645  263 
 894 6711 7142 8107 9063 3679 8418 5207 1469 9835 4536 8079  402 2177 7682 8601 
 905 1430 2454 2702 2522 7303 4762 2055 9052 4135 8471 8423 1541 6531 5031 1273 
9029 2977  654 1973 3023 3565 1432 7187 8517 3717 4874  185 4067 6760 5389 2736 
1559 3364 3712  695  154 7953 3138 2402 5736 8397 6302 2282 3536 4774 9553 4796 
 393 5640 3410 6521 3158 7645 6819  567 2623 4772 7817 6755 7660 3585 6508 6544 
5099 6170 7327  938 4068 1762 5656 6757 4258 7548  787 2297  357  898 3383 3777 
4052 2383 4579 7819 7063 1773 1480 9832  863 6422  535 8799 7563 7412 4646 1740 
7492 9669 1339 1918 5926  447 2876 2694 9786 4370 1389 1045 5647 8154  924  624 
 150 3591 2624 7136 6037  303 6319   76  937 1744 8926  591 5552 3351 8735 3966 
8660 8937 4728 7192  825 4065 1250 2251 7392 4804 9790 3338 6965 3629  897 5006 
9141 5943 6598 2008 3390 4223 6827 9319 6953 1186 6497 7151 8146 1897 9477 4029 
3334 8279 4163 3918 3745 7141 5193 1226 9269 1280 3873 2303 6725  590  166 8980 
 479 9992 1489 7808 4034 8841 7258 2116 4551 1032 8182 8863 4538 5965 5350 5999 
9461 7520 5399 3499 7726 2547 4653 7977 2207 6891 5766 3500 4923 6927 1531 9365 
6534 4449 7619 3362 9991 4677 6721 9719 6946 7853 2851  275 6015 2636 4166 8665 
3392 7503 4031 5358 5762 9715 5224 6833 8042 9479 8438 8228   69 5519 3104 4226 
5511 2697 8192 7640 1683 7915 4789 1245   19 6214 7105 4403 8031 3530 3477 1304 
  80 9745 4212 9441 3397 4823 9561 9899 4848 8221 4221 4354 2676 3345 6321 4969 
7523 5947 1630 4800 5761 4414 1695 1049  455 7994 2881 5326 1536 9143 7240  856 
4180 1680 5411 1703 6161 4116 1794 5386 1636 3284 9595 4914 9399 4952 7099 2403 
8597 8759 6387 9662 8207 9752  788 1543 7100 9995  792 2755 2395 8914 8876 5079 
2225 9164 6103 5298 6713 8425 6894 7414 9263 6926 3372 2075 1244 4102  238 9783 
4309 9518 7326 2384 9993 5210 8414 5036 5138 9613 9740 4394 9027 2406  955 6185 
6351 4153 9500 9463 1007 4160 7413   23 5575 3102 6437 8247 1513 9554 9060 9584 
7367 9475 4085 6714 6133 4066 9819 3559 2607 9101 1980 7961 2994 6314 2364 8516 
3105 1340  572 2385 3167 8429 3064 7319 1660 4388 8770 2882 8206 5986  638  460 
8956 9237 8949 6290 1816 8138   71 7244 7441 3066 2627 9982 8359 9930 4797 9313 
 138   89 2548 2344  865 6496 5043 7456 4451 4272 7076 5312  189 3800 5109 7453 
6629  859 1449 1098 5959 5718 5390 7831 4087 7173  600 4296 2012 2606 6987 4822 
5196  887 4731  262  125 5492  205 3936 4086 1915 8681 8395 8611 6256 8960 6049 
6535 6198  301 7324  558 5526  517 3654 3545 3619 2363 6207 1771 3245 8268 7013 
7079 3970 8566 9386 4544 1936 1272 9981 6278 1100  350 7337 2478 4152 6973 8775 
7336 9157 4953  920  566 7988 9106  789 3752 3884 1420 2701 5475 1951 3941 6446 
5217 8536 3455 2003 1059 2538 2071 7091 6143 6979 2648 1368 6348 7689  798 8886 
8842 6717 4227 3346  528 6549 4091 9346 5010 6928 6369 1937 3293 1406  941   44 
3124 5559  896 7695 1845 5120 8954 2196 6162 9444 9983 7482 8510 3594 3269 8276 
7785 3444 9205 8896 3932 2405 5324 8408 4032 3037 1409 4184 1955 5126 7528  480 
 899 5916  432 3962 4130 3926 6158 6212 6080 6884 2336 3551 6863 9822 7372 9754 
9282 9565 1826 7371 7189  687 7644  795 9689 7842  316 2354 6288 7277 2578 3846 
8909 6728 2201 3380  823 6796 6001 2642  306 3569 6479 9546 6053  571 1394 8658 
5426 4215 2516 7585 8721 6046 5491 5657  607 7478 7271 9688 4963 8923 1604 6739 
3254 2685 9078 7611 8102 6148 4834 8637  649 6716 6818  525 7045 5428 9726 4980 
6283 8812 4224 9005 8314 2780 3644 9840 6060 5334 9990 6977 9316 4819 7465 5236 
1849 6209 9302 7914 1820 5279 3145 4154 5319 5708 5914 9573 3887 5102 9788 1262 
5681 7694 7718  913 7578 5371 5691 9364  802 3917 6856 6593   74 9066  296 4918 
4035 3614 4932 5538 5891 3616 4993 9489 4810 8155  366  801 1873 5142 1616 3543 
1264 4141 7821 4317 5199 7783 5166 1552  777  424 5285 2294 3489 2218 1212 3775 
6527 3049 1276 5304 1057  721 1137  165 9064 6023 8580 2931 4003 6461 3804 1170 
1962 7261 4656 4660 3313 3741 1109 3556  343 6296 3163 3459 5779 3739 2306 4701 
8327 9146  243 3528 6618 3542 3751 8259 4112 2027 1600 7264 1274 6637 9293 3984 
8093 6494 8316  738  808 2630 3872 8760 9045 4156 2313 1814 3015 3533 6246 8944 
4975 7556 9140 5033 6275 3657 8379 6862  468 9888 6229 2796 3517 1285 6649 3523 
6509 4530 6773 3544 3534 9457  121 2656 5404 7892 9158 7420 7499 1224 7166 6572 
1788 9885  556 5859 1310 1527 1603 7837 2907  557 9519  677 3042 7390 7462  195 
1655 6546 9657 3961 4913 2654 2995 5509  290 1139 2239  537 1491  663 1490 8679 
2107 4996 2728 9912 4696 1721 4564 9294 2542 1507 7870 7380 7196 3951 7993 2937 
2169 1495 8380 9959 7686 1812 3303 3859 6545 2843 7586 7239 6745 7549 4411 9255 
5882 8488 1163 2339  384 7378 1000 2233 8654 5163  672 2147 1738 8888 5988 2944 
 551  705 6764 3036 8094 1393 5863 3311 4515 5607 6628 2673 1243 8537 1084 8014 
8424 3470 8779 2992 4948 3251 6955 1433 7309 2119  609 7135 1759 4107  804 2567 
6145 9465 3217 2689  546 8248  892 7075 8598 5419 1172 8040  521 7939 9062 9182 
5315 9615 3381 9520 3004 2958 1547 5506 9389 7991 2914 6687 6590 9869 8699 5201 
1856 9169 4851  726 6002 8013 7262 1120 6923 7610 2360 6762 7872 1711  927    8 
6500 6225 6477 3352  450 7789 2810 4315 3291 6592 3182 8201  504 3478 5076 5960 
7461 9697 5654 6599 7250 8056 7215 9085 5191 2921 5744 4128 9534 5824 5369 2382 
8372 8674 2801 4358 8264  796 4680 8362 9645 8238 9314  547 5219 3621 7226 3814 
3224 1587 7312 5044 9454 6408 8727 9485 7027 1825 5610  534 7330 1883 4609 9111 
3236 2442 9426 3175 1283 9240 3660 7754 7006 8783 5686 4494 6547 1920 5214 2508 
8747 2553 1631 8187 1091 5941 7574 4200 5195 7647 1533 9596 5588 8163 8667 4487 
4199 1358 4999 8984 7062 5265 1674 1423 5140 8529 1601 1789 4920 9186 1471 7026 
6271 7365 9563 1590  656 3083 4472 7773 4079  642 3264 6251 6769 2486 1488 5255 
3515 3402  944 3376 7165  286  634 9586  588 5189 9231  216 5123 3197 2463 5820 
9408  890 5295 9420 1902   24 6391 5758 1571 6128 4165   78 2570 6184 4211 9920 
2376 5508 8912  397 8233 6601 7811  846 2342 2818 9090 5317   54 4691 4781 6233 
9168  451 9119 5705 3858 1535  935 2247 1152 5772 2302 2786  821  329  851 8129 
7023 1974 6851  171  435 9831 9568 1242 1935 5835 3012 1165 9571 8856  160 7343 
5775 1483 1950 1144 3150 7034 8622 3658 4295 5361 5675  858 9589 3052 8506 8101 
7979 2375 5901 9802 1896 2720 3113 2132 5087 1924  699 6476 5725 5568 9680 6553 
7296 6640 4773 5124 8932 3801 2462 9792 5723 5996  749  431 2675 1969 6816 3806 
6211 7951 6492 7108 4332 2788 1993 4330 7674  900 8217 4628 1834  661 5284   33 
3483 6254 1175  797  169 7289 3768 7143 8833 9714 8569 6371 8234 5695 5561 4182 
8809 6380 8582 4990 5251 4702 5664 9295 2588 1160 3927 9843 2743  740 8671  872 
2581 3783 3058 5035 9439 3721 2778 6129 1355 9372 6250 7193 2605 3429  876 8037 
1447 7383 6361  948 8550 6244 2767 1377 5015 5584 3958 4588 8967 5507 7705 7716 
9038 4750 6232 8501 9781 3259 2447 8972 4748 2963 2349 2098 3460  322  970  903 
7487    9 1917 4849  670 7865 7486 4898 1519 8440 7094 8351 8711 9708 9355 8576 
2146 4606 7934 9276 8934 2323 6281 5712 8250 7658 3031 8742 1112 1465 5624 7741 
4621 8963 6389 2952 5430 8089 1646 8308 1692 6571  768 4766 1992 2209 2153 9075 
9271 6107 9867 9334 5748  671 6332 1839 1014 8074  731 7664 5918 8142 6395 9421 
1296 2224 3421 9087   41 6293 8766 2647 3637 6427 1252 2188 6027 8657   37 3625 
9405 6566  201 2399 5819 5254 3240 9510 7509  712 8845 9908 4375 3020   75 4935 
8190 4939 6954 6734 1197 6507 1183 2672 6458 4732 8518 2238 7299 3373 2807 7504 
4873 4670 7181 5553 3449 4059 7172 2458  694  964 7073 2772  847 6614 1174 3876 
1477 6513 3980 5836 1715 1516 9720 3782 4668 9198 8560 4447 8020 5502 5286 7209 
3013 8928 4194 5127  156  697 7072 6045 7973  811 9938 4270 5737 3239 5188 8495 
2327 2537 8185 2611 7345 2250 2040 7589 1505 1706 8551 8817 1872 2618 9778 2747 
9647 4869 3743 3294 4405 8794 4109 1134 1384 3482 3779  908 1016 4131 7031 5323 
2857 6333 7037 3326 9909 7960  650 9505 1684 2640 2833 4396  703 3424 8388 2750 
1303 2503 6197 1085 4094 1971 7398 8345 1907 2541   46 2439 1850 2351 6874 1861 
7368 9393 2252 6803  456 2854 1473 2617 3504 2789 7764  398  574 4944  310  640 
1023 6218 5287  129 1652 9851 2991 7508 2079 3944  686 4321 7267 1147 9791 6857 
8356  992 2551 9582  926 2109 4018 4147 9940 9663 7077 9398 7015 6472 8242 3713 
2829 2062 2321 5264   16 9671 9759  113 2576 5545 9445    2 6043 1371 9907 6074 
6405 4867 1904 8365  741 7855 9467 5473 4175 3160 2560 8617 5355 7840 7046  452 
7080 2590 6752 2827 3694 6767 2142 8474 7306 1641 4954 9356 2556 7278 8906 7146 
8141 9974 8486 2307 3704 2046 1626 5322 7797 2913 1240 5096 6664 2819 9761 8224 
 498 1096 7373 2470 1846 4228 5466 8378 1865 7519 4829 4807 7180 1994 7491 8260 
8360  161 6237  351 6354 6425 4612 6621 9201 8737 3210 1222 2867 2261 9267 1673 
9758 6062 5757 9577 3315   47 1300 1278 6114 7334 1586  967 2264   39 8618 2243 
5565 4566 1401 4108  338 9172 1143 7213 1929 2208 8441  378 3640 6586  177 8651 
9682 4344 4722 9414 9968 9160 5085 8113 7731 1775 7946 1960 8849 9848 7779  874 
7792 3796 6181 9859 1131 5212 2705 3742 4844 5613 2966 8321 9238 5562 4827  264 
8609 6269 8139 9862 9494  153 9580 9053 8528 9091 9107 8887 9936 6089 9629 6654 
8443 2639 9881 7841 4446 2136 1231 8026 4998 4752 4481   88 3604 7477 1440 5452 
6417 3218 2785 9024 7497  766 5733 7381 4234 6415 7068 2909 1585 5871 5764 5532 
1819 9541 3822 9404 4367 8740 1254 7315 9600 4074 2893 2625 3043  261 9395 8977 
4466 4921 9971 8062 5620   12 4616 1441 2358 3769 9816 2000 1352 6439 4552 5783 
5159 6105  143 1776 1088 4678  482 5311 6021 2793 4468 9409 6736 4043 2373  134 
4950 2584 2418 9954    3 1234 2957 7595 4129 4733 1661 2471 1437 9753 1650 9594 
 444  969 3147 5694  137  199 6924 6616 2244 3327 5703 4458 2064 7813 3776 6723 
6322 8382 8475 8790 2896 6222 3587 4328 7444 2546 8612 6092 7730 4002 2599 4982 
7281 2220 1867 7104 3471 4090 9459 9547 7804 6560 2422 3678 1320 2520 2513 3365 
6996 1572 7109 6889 2468 8333 1623 9961 5136 9941 1509   38 6632 3886  954 4593 
9067 2104 3987 2091 7800 9579 7825 5704 2117 1478 4725 6431 9188 3134 7948 2666 
5011 3880 7320 7774 1810 6366 3349 4497 9046  210 2010 4022 2528 1942 8644 1382 
4576 4185 6122 6029 4431 5962 1410 3343 3112 8109 1612  285 2371 2641 3765 3525 
7791 7822 2920 5226 6150 6712 2740 5176 2906 6083 3014 9344 5047 8946 4171 4012 
 906 2680  698 1206 8853  168 7450 4207 1425 2318  569 2081 3730 3996 6135 6409 
3512 7452 7911  579 9124 6262 9377 7263 7772 8313  530 4602 8255 8489 2140 5086 
7636 3296 9415 5401 4287  413  181 3096 9406 6113  311 1730  612 5884 8336 6100 
8367 9827 8090 3414 6741 2156 1040 2103 1378 9080 4595 2773 2678  648 5380 5799 
7162 5439 7273 1263 8988 4241 5474 8450 6241 4632 6376 1821 9252 3933 5689 2754 
6758 6992 7850  331 1830 2644 8036 8171 6786 5022 3328 8816 9593 6243 2445 4019 
5751 7742 7923 1922 8119 3118 4164  341 7617 9469 2852  720  593 3763 5912 8966 
8370 4919 4057 8646 8808 6432 1938 7604 5563 4070 5840 1557 9073 3816 5720 8029 
4754 5626 8434 9775  853 4581 5187  966 6102 7457 1925 9652 8709 7869 1910  183 
2555 2498 6372 7065  676 3297 9578 8121 6032 6301   53  871 8049 4642 7464 7816 
 570  368 1678 6743 4493 1568 9425  604  251 1530 4011 7778 2032 6379 1880 3682 
9973 7912 7880 5405 2696 9476 2653 9998 9418 5258 7207 4337 5112 1249 7170 6974 
5672 3018 5346 6660 1813  681 1018 8105 1667 8744 9876  976 2026 5895 9528 7252 
7798 6382 1874  644 8959 1037 7594 1736  885  881 6410 8063 5067 8762 7058 8159 
6200 8469 3419 4435 2962 3957 8782 4611 9966 7177 4159 5569 5958 8726 6201 4300 
 849 8761 6569 1716 2719  660 4014 1898  128 1666 4222  916  175 9544 6978  828 
7907 6412 4860  520 7677 9318 8411 4046 7661 8861 2409 4676 3454 8169 1351 7095 
8041 7683 1424  203 5550 6613 2515 5253 9033 8257  474 7446 5793 5684 6647  365 
6961  995 6054 6413 7182 2347 2836 6491 7004 9431  396 6242 9312 3767 3268 4189 
7507 4474 6901 5756 2734 4504 6622 3019 1546  745 4974 3793 2865 7603 5095 9347 
3441 7287 7919 2338 9702 1685 5173 4240 1311 1803 4906  869 1948  561 7039 6930 
8791 3574 4292 7052 9072 5754 6981   81   62 7489 1080 5726 9128 9433 9402 5364 
5603 8918 1634 4922 7637 8215 4633 9522  544 6729 3051 9515 2392 1177  977 5378 
   5 9247 8110 7393 7459 1522 6533  491 4438 2479 4631 5950 9548 4875 2671 4501 
4794 5056  436  725 4288  412 4188   84 2916 5880  148 6753 3192 9234 4587 4028 
4359 1575 4239 5023 3391 9462 5179 8666 7248 9903 4134 7064 6765 3930 2237 3902 
4192 6407 5816 5551 3605 4936 3854   31 5521 5300 1903 8698 5455 3633  240 2345 
9482 4323 9193 8889 4596 8514 4009 6877 6300 4097  675 1194  951 1444 7687 4707 
1498 8377 8874 5933 7174 8704 5966 8631 1545 1266 9026 8329 4648 9864 7562 5081 
5582 4627 6879 8352  735 2688 5157  581 2733 2861 5969 2211 7418 5398  875 1963 
6279 8022 3735 3384 5722 2193 7409 5182 1607 6563 9327 6157 9658 5899 8844 4705 
 601 8692 7400 8593 9934 9748 6194 9442 9501 6094 9206 1275 6305 9716 5172   93 
8913 3371 7886  617 1445 2135 7990 2863 1895 5222 1689 8521  101 2443  815 2524 
6450 3750 4908 6916 9114 3090 8076 9397 8688 3340 4193 3700  477 5759 1251 1026 
5041 7440 3508 3507 4310 8091 3598 5546 6993 9088 3310 2552 5616 7845 8428 6337 
6483 6360 9694 3028 3030 8193 6938 3317 9242 7591  762  144  208 5238 2961 3180 
1078 9890 8732 3253 3731 2460 8677 2023 7475 7201 2979 3802 7011 7283 5730 7270 
6012 2868  855 4096  631   34 1332 2427 1387 9861 9763 7254 4828 2864 8023  584 
3250 1866 1745 3877 6294 1528 7437 4050 4995 9590 2200 1932  923 3214 6297 8764 
4521 9849 1524 4740 9958 3111 4945 4004  446 4106 8150  330 1691 5848 5180 8128 
7298 1429 4205 9483 2426 9921 5990 3350 3978 2082 7048 2020 2866  473 2886 8741 
 317 4622 8640 5468 6794 9712 9335 5919 4623 4114   65 8950 7680 8961 7275 5203 
  77 5415 9350 6653 7557 9490 2115 9008 8552 7304 3082 2679 4915 8211 3937 1329 
2324 3469 5715 7532 5583  255 2635  775  186 9044 8700 9437 4835 5594 7350 3562 
4015 8140 5805 8952  744 7941 6335  748  342  126 5605 9852 1180 6298 5923 7101 
8724 1758 1065 9902 5573 7955 3810 3811 4178  233 9495 8942 7224 3642 1754 8208 
2945  245 8884 4580 8160 9507 3252 6730 1087 2608 3189 3668 9030 9897 1577  791 
 665 1427  836 7806 8459 9315 2461 4599 1997 7564  978 2577  918 4167 6911 8374 
3116 8422 4355 8269 2481 6141 3952 9244 7060 2281  619 3912 7577  901 6216 3687 
7560 3586 9944 2901  430 2178 8500 2240 5018 6481 1919  984 2389 7665 2763 1353 
7652 7203  560 5111 3836 2930 6577 6149 3982 3590 8836 7121 3577 9915 3156 3001 
 383 9676 8328 9532 4459 7832 5976 6420 2034 1305 5363 8787 2514 9911 9521 6817 
9121  830 2824 3438  335 3011  176 4253 2897 8936 6726 4960 3643 8045 5743 8559 
7041 4636 9632 2300 1824 2425  345 1906 3963 7500 2145 8922 7366 3934 7335  114 
8723 2505 2335 4508 1506 6069 7245 7357    0 4322 5134 2816 9984 2386 5680 6304 
5171 3519 6455 6403 9221 4883 8953 4423  164 2776 9628 4907 3612  347 2174 3789 
8133 9095  133 8086 2797 2799 2166 2812 7949 7684 1306  406  419 4877 6710 3597 
6206 6223 2398 7351 4833 1694 2222 5724 4872 6399 7631  258 5869 9814 9301  132 
6807 3570 6885 4232 9641  943 7132 2626 5051 4443 8503 5147 2562 9604 9784 5639 
1260 4051 3561 5105 1094 7967 8789 3109 8088 7667 4585   11 5630  602 4040 3295 
2714 9572 5325 1107 3761 5752 4455 1801 7388 5591 2362 6352  440 6353 6555 6011 
9339 4111 1055 4832 4424 3133 1624 2094 3357 3908 2751 4905 5517 9478 6703 5627 
1693 2436 2663 5608 5774 8497 8508 5673 9724 3452 7896 9731 7669  497 9161 3772 
 471 8122  230 9774 1216 3464 8202 4782 1171 7857 5216 7700 5280 8120 7227 3095 
6394 7924 3173 1114 2612 8619  512 6186 4840 9311 2703 9665 5012 7051 6276 3393 
8456 9058 3879 3396  407 8539 3852 1211 6180 7232 4291 1502 3186 7049 1677 9298 
 683 3487 3610 3539 6341 3121  315  524 3117 8054 5483 2165 7403 6682  545 3795 
1396 4420 8323 8752 7285 6108 6393  626 3885 8117 3666 6363  573 3178 2783 5692 
7466 5599 4858 6933 1403 5655  260 7917  981 2655  921  448 4041 8083 6328 5000 
9453 3844 5329 6289 6245 9870 6999 5374 2999 6899 1681 2887  618 5874 8519 3080 
6052 9370 7758 4692 6329 9704 8389 8124 7256 3770 8869 1148 1058 9527  159  349 
4077 3486 3675 9177 3330 6539 5152  484 5291 9558 3126 9092 1443 3719 5034 7348 
2096 3641 9598 7442 6983 7090 6173 7036 4320 2254 3578 1267 7879 5861  922 8800 
2212 4268 5828 9233 6798 2651 5929 1835 7488   13 9260 9556 4197 8820 4124 9042 
7338 6956 2234 8687 2738 8002 4704 7897 4298 9138 3159 6044 4307 9474 5881  630 
4941 6024 5586 6136 1529 7260 6683 3653 5342  507 8556   83 5313 5707 4539  112 
1698 7985 1769 4886 6217 9003 3360 7974 1854 6152 7593 3538 9412  293 5235 3142 
4183 3161  163 4421 6316 5481 7016 8437 2597 1800 4250 3818 4979   45 4654 5865 
2007 5581 4743 2183 5421 6731 7739 8641 7112 5005 5665 1723 2285 5580 7675   87 
9891 9152 7767 1931 8995 9871 2312 7035 1967 4959 2716 6014 7391 2707 2911 2161 
 493 8522 2587  333  550 1838 9826 6055 2527 9664  120 9709  882 3747 3191  884 
8754 6005 6512  131 3130 3746 7592 2428 3188 1779 3276 3127 9055  613 5879 7155 
3211 5709  157 7582 6556  960 9056   35 2131 3038 6898 7167 5910 7231 6076 8532 
6227 1193 2485 1404 4383  487  510 1580 2661 2186 8828 2355 2891 3198 5410 7714 
8894 7126 4618   79 8562 5578 9037 7316 9369  786  395 6706 1544 9550 2544 4992 
6375 2828 8483 8825 8823 7676 2004 3834 6311 9623 6585 9838 6020 6144 8941 8768 
2089  957 8663  314 8751 2890 7867 5997 9785 4943 6669 4708 6312 6010 2616 1597 
5668 8628  348 9874 7422 1785  554 1857 5184 6028 7399 4373 8447 1688 8405 9796 
9332 6540 4751 8246 7583 1383 2219 1417 5629 2437 5601 5505 6359 8302 2483 9975 
5019 7493 6326 4213 6594 1381 8750 2171  152 9854 3788 6744 2725 1070 2559 3100 
2249 1225 8781 4718 7768 1343 5935  483 3977 7043  115 3399 6424 8445 6327 3017 
4340 3755 2435  405 7639 4683  212 9699 6699  805 6219 6609 8938 7353 8072 2531 
5558 5678 5277 1153 9893 7150 1118 5213 3497 3405  806 4465 1658 9375 3780 9566 
2507 1755 3602 4229 9329 5063 5314 9470 1128 4417 2583 1010 1520 1030 2565 8867 
8035  437 2228 5387 1360 4657 5245 9189 9508 5717 3506 3154 8115  585 4583 5032 
1908 1375 7877 2752 5283 8353  673 2163 7362 1001 4275 6668 9383 4711 2465 8578 
5841 2533 3684 5414 5078 6698 8866 9747 5714 1004 9155 1617 7536  214 8081 2691 
1095 7265  463 7937  320 7419 2111 5174 5356 4378 9717 7701 1621 9766 6608 5890 
8997 8172 8788 2540 3412 9197 1111 3527 6815 6119 7863 5121 9713  752 1964 8592 
9012 5823 7242 9185 2880 2052 9770 4013 8575 9638 2181 2328 2919 8602 7569 3840 
2535 1627 7909 6449  820 1863 9407 9868 9352 8118 5013 9262 3716 9808 2956 9179 
8620 6426 4799 9537 2727 1750 2983 2041 8130  843 6503 3513 4409 3061 4303 9863 
2189 6255 2093 3165 1735 6886 7848 5536 8702 3060 5755 7691 7148 3864 9681  893 
1402 1185 7025 3931 7347 7406 1350 8283 9154 8625 5049 2518 5763 3736 6584 1887 
7803 4082 1949 4297 7899 7342 7862 6428 9538 9830 2084 1756 5233  197 1777 5331 
 105 2217 1596 4267 2802 8435  780 7259 6165 9455 8629 2257 9390 2493 4615 1192 
1542 1075 9916 5555 4685 5814 5978 1749 6454 3183 4541 3939 6522 9744 9241  917 
7883 6324 6562 8989 1164 9977 7417 9272 9374 4500 2899 8214 5093 8060 3222 6931 
7554 5606 1082   10 6040 2975 6642 2039 5418 5185 3039 1729 9793 7210 9661 5365 
5797 9557 5798 7956  188 6602 9212 8976 2879 8696 2993 6068 3491  701 6662 8613 
6343 5106 8777 9625 2985  464 6705 6383 2753 2892 3195 7866 2525  999 6098 4304 
8873 1622 1220 6176  182 5129 2123 1113 1033 3044 2085 3733 4983 4206 5503 7597 
3829 7311 9856 4818 4136 9097 8324 5977 4044 2501 8167 7082 7581 6552 6199 5146 
5735 5490 7178 8915  598 7913 4684 8715 9384 6146 1640 9612 6648 5734 1422 6110 
 219 5512 4313 3216 3998 5742 3821 3423 2506 4400 9362 7628 7673  102 1747 4951 
5548 3890 6116 8462 1540 6071 7129 1815 4713 4506 1629 1719 4776 2629 7518 4971 
2067 4672 5434 9466 3942 3878 2971 1724 6797 8051 9306  394 1807 7625 1354 4735 
5637 8390 1281 2873 8170 5579 5065 7002 9320 3718 7404 1124 4415 1308 6228 1911 
4279 1217 5472 2495 6639 3092 1909 4496 7502 1628 7710 5469 2446 1833 4843 5406 
7139 4723 2381 8720 5572 2504  767 7093  664 7024 3099 5493 4274 6374 5204 1892 
4463 7966  622 8653 7621 2408 5393 7153 3434 7854 4387 2400  543 4933   58 1797 
8714 6779 8639 2451 9286 2118 4842 8838 6174 2036 9245  441 4334 7542 8106 3407 
8097  400 3355 3339 5590 7728 2927 2438 3861 5778 7796 6061 5903 4349 5103 7445 
2005 1479 9354 6595 7280 9336 6897 9739  111 6155 9789 2838 4578 8366  727 5898 
 934 6774 1468 8057 7451 8188 3832 7044 9493 1407 7369 3863 2270 9328 4785 6947 
5830 6829 6888 9174 8627 4879 4404 8695 9684 6966 3131 7634 6434 8001 7407 8648 
6882 8028 8226 7506 6967 1238 1021 1558 8860 3267 2256 2030 8682 1742 8734 2002 
4617 3547 5037 3232 3097 8649 1610 1549 4814 3463 3673 5048 5061 7517 8854 2715 
8920 4214 3661 3300 4787 1642   91 2964 4809 7777 2771 2941 7807 1390 7071 2480 
9239  190 8686 1914 8153 5485 9098 3466  895 6139 3201 1927 3726  575 5351 1669 
3985 5310 6127 2574  945  527 5178 6384 3584 9196 5198  204 3757 7028 8985 5789 
1554 1079 5514    6 5220 1878 5907 2185 8571  370 2255 7361 1662 2602 2745 5359 
9773  838 1228 7087 1188 9223 7635 7113 9976 3494 1176  817 2831  429 6323 3540 
8780 4888 8684 7521 5992 6843 9246 4793    7 4940  718 5443 7938 2013 8877 4401 
9603 8307 7255 3960  993 7552 1374 6985 2923 1463 7827 4237 6873 6551 6467 9265 
9417 3638 5738 6196   73 7527 1464 6784 6377 2273 3388 9279 8341 2090 4820 1921 
1346 6115 8708 6452 7995 4278 2659 3697 6722 4783 5932 2982 2332 8310 1510 5077 
 100  265 4277 3148 2017 2369 7389 1019 7463 9096 3306 8736 5786 1649 9889 3140 
 323 9173 3898 4771 4030 4693  739 1356 8668 2779 4049 8878 1258 3074 8690 6498 
3144 4327  732 5459 5164 1690 4412  291 7211 7786 5856 3033 5495 3997 7066 6982 
6252 5981 1953 7235 4687 3723 6411 4778 4757 6235 4276 6121 2731 6419 9150 5451 
8595 7846 9216 5115 6236 1028 8882 5202 8293 2593 9567 2467  785 7830 3411  867 
2579 3045 5885 9480 5360 5130 6576 7205 3207 4730 8563 5633 7546 7219 9847 8460 
1538 3651 7932 8266 2341 4714 2988 3720 3781 3053 8748 6611 6365 7618 7671 9602 
2287 1576 4802 2708 3257 8857 6865 9846   52 5024 6558 3883 6732 6159 8933 9997 
7115 8604 3695 5437  587 7843 6652 3344  386  422 8596 4742 1388 8213  237 1149 
3813  770  952 2862 3385 7216 8203 2668 4689 9878 3179 1570 2487 3842 1413 2269 
 628 8179 2259 5039 3501 8793 6804 6126 9032 7970 5925 9514 9950  485  428 9969 
5634 1879 3794 3227 9438 2378  423 1195 4870  420 3341 4738 5209 8071  472 3034 
  57 6441 2356 7833  162  326 9772 3664 9935 1774 8749 1325 1230 6193 2704 3819 
1012 8821 8527 8999 6686 7799 9695  273 3915 5431  318 3379 1357 1548 3868 7878 
 781 3261 6468 4537 8669 8137 4516 9303 2410 6525 8166 6619 1327 9423 3265 4600 
2203 8258 2431 7903 3325 4770 7762 2986 6582 7308 9824 2692 5951 9343 3549 9144 
 295 6515 9660 7524 9630 6051  985 8694 5417 4591 8480 7794 1187 1605  145 4319 
4498 1207 5533  179 2179 6445 8526 6839 8868 1518 4575 4470 9882 5541  696 3514 
7672 6123 5497 6486 2935 4682 5321 9225 3143  340 7643 4700 7346 2813 2340 9297 
3759 7294 7835 5713 7657 5589 3595 2301 5887 3302 6941 2848 2973 9379 2744 5218 
5614  192  221 7266 5915 3366 4448 4786 4453 4679  287 3184 2014  234 4445 2379 
9639 1831 5939 6364  963 3531 3006 4864 5747 9249 8198 6852 7573 7056  193 7163 
8446 1832  990 1763 8067 1367 4853 2319  864 7526   27  790 8176  135 1901 5897 
2934 3659 1841 6709 6913 2210  352 9103  531 5516 6204 9290 6259 3056 6858 5239 
5776 5666  389 2497 1265 1620 3979 1395 8058 6231 4658  409 2138 2889 1791 3249 
7935 1062 9926 8482 8993 2058 2464 1435 7375 6564 9978 2411 2194 9338 7708 3649 
 391 7646 8815 5600 3807 9627 3408 5150 9933 5937 3976 1602 7222 1944 7291 7188 
5055 9413 8412 9451 4957 2686 9122 2573 9621 6448 8544  281 8284 8921 8885 2274 
6331 6385 3986 4125 2361 3906 3047 9308 1615 1135 9823 4721 2724 4741 3172 2048 
3686 7891 8369 7940 6086 5227 2794 6338 7212  236 4440 6357 6435 4795 8729 4347 
 223 7223 9086  972 8420  116 2803 6841 6766  611 8346 4614 4452 5961 8561 3400 
 256 2815 1105 3803 8509 5014 5107  496  605 9427 5060 1068 4285  469 2011 7410 
4255 2610  215 3623 4813 1859 7202 5663   49 6177 2561 5812 2777 7860 8458 3279 
2087 1474 4571 3505 9516 2563 2284 3440 5097 8664  124 5698 5082 4386 1235  939 
6502 2204 7805 2236  449 5391 8719  411 6124 9917 3648 1864 2545  822 5727  167 
7460 3703 9285 4256  492   50  627 4629 8265 6085 4037 2086 9799 9611 7154 8075 
1787 3989 1753 6907 6921 3374 4779 6735 2532 8407 8421 3255 6310 1398 8981 6970 
8197 7543 8156 8334 4377 8148  443 9732 5942 5838 4745 1333 2766 1199 3555 6771 
1129 5808 3089 7943 2998 4901 2357 4457 8827 6724 1999 5446 6792 6234 5073 6900 
7469 2849 5618 4289 5340 6047 1239 7424 8280 7598 4362 2457 4727 7982 9667 4486 
6747 5792 7614 6073 1089 8301 6958 6605 8231 7439 2948 4556 2936 7836 1956 4146 
9606 3457 1998 1888  235 3671  271 1093 1271 6791 9181 7874 7432 4836 3837 5268 
1947  104  158 7888 3136 8962 8513   21 5092 5849 8520 3778 7735 2677 4305 3386 
5479 6844 1341 9644 3431  711 3262 9317 6986 4989 4380 8371 2475 3488 8281 9496 
9636 5669 1259 7722 8092 9039  879 8032 7668 2101 4634 7696 9486  516 3484 4801 
7206  693 8837 5108 2917 1191 9435   96 9646 1099 6685 4510 9905  946 4645 1523 
2951 6707 4462 6814 4140 6220 2120    1 2449 9810 9771 8436 2391 1764 3914 3258 
3548 5870 3680 5145 9165 5290 3838  297 4316 4413 1399 6175 6505  844 7323 7218 
2076 4489 8252 1453  146 1822 2190 4356 4514 7781 5946 1337 6692 3812 5194 9342 
1525 7183 4245 8584 5425 9913 3228  594 6557 1551  453 6400 8498 9093 6838 6195 
3162 1982 6587 9014 7736 3988 1302 2191 7771 9853 3715 9782  629 5244 1578 4123 
4524 9812 1380 7538 2271 9345 3509 5357 4104 5930  103 6949 9224 2353 5460 8542 
9860 9706  606 5478  722 3085 5370 1331 5333 1369 2001 8900 4978 2598 6095  861 
2314 2216 8810 6627 9806 9866 3895 9131 4426 8065 2832 8818 8220 6035 9539 1793 
3318 3869 5515 1309 3972 7616 5750 9755 1574 6604 3067 1261 6825 5383 7849 5308 
7931 5619 7755 2268 9648 2401 5154 5732 5549 1954 4055 8195 4641 5710 6099 6192 
9330 8145 4744 5638 2756   14 5864 9283   51 9167 5262 8986 9776 9725 2841 5989 
8807 8000 9609 9900 8476  539 6309  380 5252 3805 5339 7642 5249 7020 2388 6258 
9880 6111 5344 4238 9051 5230 6313 5328 7627 2652 6529 9986 7759 4767 4964 3359 
5090 3418 2820 4208 4353 9597 7945 3041 3231 6754 5465 4598 1295 2769 5464  559 
8239 8577 4137 4503 7533 1270 2741 2018 4790 2922  812 5922 5612 1606 7725 1737 
6295 9099 7084 8871 2710 4042  862 7745 8050 3841 8678 7738 6574  355 6969 9117 
8157 2366 5883 1322  979 1166 7587 6915 9089 9019 7394 3322 6019 8126 6573 3856 
4450 3510 8059 1792 5476 1013 4265 5741 7401 7801  257 8457 4485  889 8114 6677 
5270 1364 5893   56 4254 2566 5687  288 4893 6120 2197 5352 5716 4777 3828 9133 
1046 6781 7567 9937 5530 5904  716 1823 9275 3050 9446 8964 5998   85 8267 1923 
1651 4157 4281 6561 4601 1029 7859 5463 8294 5522 9512 5289 3437 9387 5902 5520 
7626 8733 2276 8897 5160 3275 2809  907 1279 5674 7384 7894 1397 2350 4817 4071 
9310 7514 7171 7861 1027 8919   20 3758  968 1593 3428 7047 5499 6004 8948 3485 
8675 1852 1562 1595 2155 2792 3564 9009 9410 3476 8805 1979 4841 1246 8756 1452 
5769 5644 9892 2230 8108 8716 4476 7942 6776 2981 4461 6960 7331 9779 7576 4150 
 655 9210 7038 3707 4891 6163 9988 1515 4379 6583 7426 2229 8470 1946 2674 6866 
8387 9804 6643 3799  680 3225 2953 4970 6763 1009 9839 6822 9765 1025 5372 2568 
 339 8982 8181 1811 1462 6853 6883 9195 3900 6257 3532  359 7140 4947 8402  110 
6151 7893 9125 8271  147 1140 3271 6168 7145 9447 9048 8275 4686 9203 6644 5205 
1146 8870 4325 6836 5860 2987 3247 8030 5900 4220 4155 8661 3003 5888 9736 5177 
4878 1501 8236 1233 3521 9924 6936 1428 2959 3246 4534 9013 4929  196  523 3196 
7274 4105 8758 8027 2456 4195 3940 2440 4577 4607 7268 2739 2804 7293 2591 7838 
5964  232 8502 1891 6460 9811 8697 4236  759 5587 2417 6959 6340 8983  170 3073 
6679 1142 9607 6267 6398 5660 1484 1848 4246 8943 1564 1414   67 3242 3079 6167 
3650 1151 4866 2063 1517 2847 5770 3516 3209 6495 4637 4001 5025 7765 2387 9471 
1182 4597 3993 8813   42 5936 7906 7317  298 3874 4560 3953 9021 4965 9006 9378 
4324 4103 7968 8553 5004 5156 3443 3835 7008 7054 6575 4663 8243 1905 3820 3394 
3200 9756 7744 4703 3959 6514 2275 3461 1828 8209 4613 9570 8693 6701 1941 4548 
5260 3855 2149  458 3081  522 1679  973 2100 3665 4027 3176 8229 6268 1566 4902 
7423 3971 3738 6675 8256 1362  719 2057 2969 5858 9450 3744 3332 5525 4899 6554 
1687 3611  206 6663 5780 7431 3153 6802 3992 8728 3817  886 1168 1288 2609 6948 
7130 3286 2646  914  635 6485  996  850 2310 9686 2499 9768 9076 9371 9126 4673 
2097 2262 5454 2902 6224 7288 9887 4661 4938 8499 8835 8879 3928 3215 9743 4203 
2980  818  226  374 4098 7191 6673 5649 9925  814 7302 5739 8899 3646 6906  371 
4977 8822 9134 6878 3727 8530 3480 7137 1328 7354  123 3910  209 6447 9050 7395 
6859 9649  769 5602 3022 4418 9065 4432 1734 9751 4630 8784 2266 1253 2898 4024 
5038 7944 4016 4569 9964 2826 8410 2582  292 4138 7029 4342 1539 9325 6347 7118 
2124 8610  403 4273 4186 8755 2929 2855 3287 2061 7156 6474 1665 9007 4694 2367 
  40 9953 7609 2330 7402 4384 2242 2069 5658 5377 6631 3233 4477 4121 8005  538 
5577 6700 9872 6478 1412 7033 8588 4318 1162 9927 3809 1038 3278 6929 8512 1900 
3567 8394 7760  382 3691  848 4643 2121 3550  541 7147 4927  637 7871 1930 9235 
7596 2968 3496 3212 1158 6565 5595 9742 4885 2452 7723 8786 5427 7447 3938 9560 
9254 8795 3389 9939 1431 4981 8771 6471 1391 7732 9696 8599 2871  674 8463 4243 
9059 5809 7251 3137 2305  565 1639 4803 9996 8132 9865  888 8409  418 3474  442 
4798 1894 9166 3771 3825 4148 3347 5851 8824 9511 7092 8973 5221 1556 7473 1884 
7217 7295  784 1467 7720 3024 5392 7194 6081 3596 7987 9817 6469 3588 5567  533 
8332 9448 5952 1766 2613 1361 3792  227 6282 4490 8430 5487 8862 3277  819 4430 
6109  666  454 3219 2860 2265 6785 5623 1632 1653 6381 9549 1481 5782 3968 2925 
2759 7530 3518 5450 2543 9972 8368 2687 5889  142 5241 2791 3797 9147 4142 6013 
8757 3468 2821 7908 3078 9175 6905 1790 9104 6998 6058 1052 3754 8400 2329 4856 
4133 9967 3575  965 6991 4357 7022 8468 8701 1102 8990  466 9794  809 9278 3990 
6820 3123 8068  835 3425 1072 7858 8426 3446 2840 1965 5028 9043 4168 2187 6041 
1221 1893 3378 4988 8523 2162 4311 4550  689 6659 1347 8662 4170  327 7098 1268 
9010 9760 3766 6066 9074  505 3398 6623 6263 8606 1297 7623 8496 1817 4862 8546 
4084 1882 5438 8455 5604 8890 3094 8490 1076 6067 3282 9980 7078 4805 4638 3571 
9183 2872 5617 9443 7238 5381 5117 4525 2859 3710 2248 2434 7622 8305 3948 5094 
 302 4967 6456 4554 6964 4590 9481 7662 6488 1592 4688 8245 3748 6506 7333 3843 
4127  270 9679 6063 8814 6690 2523 5632 5058 6934 5956 1121 2088 5168  639 7305 
  59 7513 7929 8968 7650  363 3593 2289 9367 3270  304 2441 3698 3956 5306 5429 
1315 1365 2905 6131 4441 1190 4464 8375 1458 1298 6191 3787 9115 1204 6287 9965 
5042 3202 1870 7630 1842   97 8289 6330 1106 9277  353 3103 2693  307 6935 7057 
2176 3204 6401 2877 5412  244  465 1836   26 5461  961 4039 3077 9617 2420 8872 
7379 3447  837 7978 9672 4369 8855 6887 5151 9284 8858 1056 6657 3088 6482 2837 
7699 2432 8174 1582 5540 1450 3016 8910 4912 8492 6075 5940 3734 8831 2949 8177 
4749 1786 4838 2304 2601 8477 2875 5790 2260 5842 9116   61 5141 3139 3451 7795 
5424 1039 4761 6646 3645 1588 4709 5128 8927 7613 8706 3125  313 8381 9653 8186 
9634 2698 3213 5826   63 3904 2690 7349 8298 1809 5598 8399 4651 7152 5651 2858 
2450 9601 8011 8798 2114 9057 9162  536  283 9555 1732 5458 6860 2718 9204  580 
6795 8237 3983 8491 2424 8996 8975 9176 5745 2842 3040 6097 2894 6056 9291 9187 
5074  615 8635 5622 2099 8406 7980 1668 6358 4444 1934 5228 3415 9741 2595 7408 
9932  490 3009 9488 4306 2572 5003 8282 8003 8466 7480 8547 9764 4987 6221 1739 
9268 6390 6317 6912 8965 3674 6072 3634 2037 3764 4755 1659 4210 8987  713  404 
6842 7149   18 9884 6600 8585 9559 2295 1036 7059 1871 8487 3847 4048 9956  736 
3071 1392 2924 8767  652  506  690 6990 3190 3110 8287 3583 2737 6846 7649 5765 
 267 4361 9110 1015  377 8165 4784 2050 5544 9525 3433 9857 6026 3903 5547 5802 
6708 5574 7019 8235   15 6416 2227 9999 7416  771 9333 1991 8263 3093 2798 7516 
2711 4573 4177 6142 2292 2908 7930   92 6406 2549 3152 4769 8240 2325 9960 3368 
1436 2989 4958 3676 3101 5967  564 6009 8731 3581 9035  834 9721 9351 8004 8319 
7144 2932 6308 8830 9002 5104  408  980 5231 1643 8274 4746 7981 4518 6925 3348 
5080 9299 5857 4808 9148 4847 6809 4143 5069 2761 1503 1976 9256 5349 2770 4624 
4045 9945 8957 3057 6612 5110 8904 5773  779 1725 7124 3541  202 9069  354 5021 
9616 7352 4088  810 6112 5693 2028 4428 8055  679  555 5027 6951 2397 1672  623 
6636 4249 8183 1532 6050 9321 2775  971 4425 4216 5162 4407 1101  173 4331 4231 
 928 3234  904 1840 4850 7954 3608 8586 9678 7752 5975 1928 1514 6355  127 6096 
6589 2976 8033 7228 8311 9746 9979 6453 3535 7505 7584 1031 9081 8052 7814 5504 
6536 7957 8636  950 2092 3395 2846 1291 1373 5318  375 3579 2990 8398 2834 4523 
2049 6570 7905 7498 3709 9904 2337 8685 2172 3949 5288 2158 5208 1933 8085 6436 
1307 6160 3312 7839 3688 8507 3273 2038 1508 8533 1550 9757  388 4956 5804 2415 
 988 3032 3560 8152 9683 5949 5379 8917 7176 1169 5597 7435 1145 2491 4671 3867 
 688 1497 8363 4299 2575 7709  958 7633 1426   55 4561   68 6070 2128 6511 6079 
4724 6920 4747 7998 2589 6464 4110 9428  659 6625 3582 7522 4083 2180 3740 3554 
5746 3237 1581 1218 5183  772 7989 9962 5817 5040 2009 9506 1064 6378 6950  603 
5229 6205 4859 7790 6078 9624 5781 8565 5927 7117 8149 2492 6106 2213 6666 2045 
 947 8427 3699  312 2811  172 5794 2622 9385   60  425 2348 6840 4100 8069 8164 
7641 5266 4416 4655 6493 8103 1638 6681 1829  942 9261 8624 2569 7088 7812 1713 
8205 2298 3725  857 5771 7737 3600 3537 9574 1189 3062 8384 7318 3905 6567 7624 
8039 1256 9734 3409 8969  757 2223 6048 8347 6872 1067 6892 3871 9419 5980 6273 
6876 7184 2910  118 2396 6597 5973 5382 8018 4871 5995   64 3622 9388 3711 4492 
8851 3924 3606 2825 5701 9599 6635 4406 9468 9729 5143 8765 4442  308 3435 5731 
1200 5281 1248 5924 6345 6438 8558 7012 7096 8340 3899 1772 9287 4058 7958 7186 
 178 1625 1060 1408 7467 9873 5972 5979 7950 2060 5635 7164 8104 2649 6850 4063 
5091 8979 1290 3696 7086 6344 9914 1609 1317 9943 5702 7325 7114 2667 8009 3141 
7733 5297 9200  684 2106 9540  252 6182 7615 2683  282 6025 7749 7810 4286 4402 
7775 5642 2125 2665 1761 8753 8021 6697 1335 5839 3896 5983 4023 5237 4260 2620 
2634 9929 9025 5825 7097 8196 5643  723 8843 3194 5292 8184 7965 8361 5796  321 
6793 3670 1990 7529  710 7550 9605 1372 8216 2645 9360 3314 4151  417 3266 9633 
7512 6543 1130  211 4026  509 5170 8343 1419 3576 7882 7766 6117 3323 1034 4113 
7599  925 5843  728 4169 5921 8232 7901 9710  589 4764 4876 1644 9531 4233 9947 
6997 1442 2272 2790 8320  360 6989 5609 4010 1415 5330 8881 4917 1125 8746 4924 
9564 6484 9987 8453 7916 1448 9288 6402 5862 1500 3592 7681 5611 3171 6101 7824 
5829 5513 9376 5991 2059 1647 7922 8251 7220 6442 3833 5139 3831 2954 3662 1598 
6962  685 9797 1670 5409 6388  776 8175  562  909 7787 9180 4209 9844 2144 7290 
6261 2955 4073 8650 4831 3108 2658 9952 7501 6499 3203 6777  379 3566 9194 5394 
8573 3442 7434 1926  932 6154 5320 7074 5484 4422 6591 1783 9209 7061 6656 1939 
8534 4217 4488 9018 3283  583 4339 6172 4619 3298 2459 4904 9592 7341 4563 5596 
5944 2510 4081 2078 4674 9023 5009 5332 4806 5850 9910  563 1613 2390 2126 8670 
9795 3850 9171 2043 7229 1316 6528 8386  224 6812 5621 1344 1284 1050 9517 2638 
8778 4909 7428 9322 3114 3889 5385 6680  989 4118 1567 7233 9113 7910 2317 4201 
3164 8804    4 4736 8249 9637 3756 5248 9228 6018 3702  692 8095 2241  782 6870 
9723 6661 6524 7962 3784 5531  247 1940 7476 4263 6213  646  542 9825 5909 4326 
4162 9270 6607 1633 3135 1127 9151 4650 9581 4302 1184 1208  756 8614 4698 1504 
3122 4985 7127 8864 7697 1995 2928 4903  760 6808 7247 8555 7632 3406 2148 8939 
9487 1330 2278 3690 3599 1277 2068 8286  667 2134 1686 9416  614 7009 7851 6715 
8364  222 1083 1108 7719 8024 1795 5373 8713 7279 2154 7103 4061 9359 9619 8632 
1983 6022 8277 9253 3356 8568  518 7468 5592 8191 5098 1553 5029 4456  459 3693 
8331  774 8325 1984 1496  254 1748 2182 7085 1957 4815 4000 4038 5537 5968 4480 
2632 9250 7175 4519 6702 6720 3732 7246 1154 2726 5026 7964 9918  367 8994 8955 
7540 4235  669 6473 6740  620 7558 8134 2288 8135 2404 5444 1560 3010 3331 8850 
7706 2053 2717 5046 6606 1042 1583 9391 8785 7890 3737 5650 5800 5338 3120 8461 
7474 2129 9502 8572 5089 2157  715 9687 7570 9112 5348 6541 3059 3753 4540  577 
7900 8485 9575 7363 7111 2603 3422 1456 9280 4584 4204 5471 9931 5706  373 4095 
1561 8044 8924 4547 8515 6517 9569 8007  309 1203 9017  813 1614 9842 6942 4261 
3865 1104 8883 9300 6429 7784 8413 5422 2198 5017 7663 8354 1537 7750 9361 2709 
5407 7809 8061  277 8769 5528 7793 9640 9118  519 6581 8127 1916 6039 2152 4567 
7471  198  982 2530 8439 5395 9587 6006 7322 7873 3636 8541 5153  305 9324 6617 
2476 3620 9156 3524 8743  841 2869 1705   17 9068 1454 1589 2822 5648 9456 4626 
3260 3862 3316 1521 8261 3187 7214 2805 8479 9213 1584 4460 8929 5585  940 6183 
2221 5144  568 6215 3465 9837  457 3244 5337 7782 9015 2352 5413 8473 8151 3290 
4717 7986 5661 9655 3943 3493 6783 7607 3901 9123 3256 3891 7021 4792 4006 1675 
4021 5225 3309 6318 6140 5571 1961 5167 9326 2943 4976  608  337 5844 9513 5683 
6761 9576  259 8403 8901 1115  385 2206 1958 9422 8355 5905 1386 6202 8342 2231 
4092 1663 3920  332  191 8848 7018 5294 1699 4667  508 9813 2430 8511 8077 8591 
4218 4543 1405  344 9614 7852 5529 8241 3048  269 1459 4247 6588 5353 4880 7005 
9620  300 8348  678 5161 7864 4900 7385 3025 2102 2878 6975 5821 8608 7458 9798 
2585 7449  515 6433 4410 8655 1656 6370 9728 2526 4381 2746 6210 4179 8449 1635 
4562 5165 8774 9805 7014 8472 6362 5974 6672 4385 8931 8707 6834 9985 9430 6134 
5670 8047 7997 2915 4570 4161 3826 6626 4734 4896 4839 6038 2695 9922 5432 9875 
2817 1069 5527  328 8656 4436 4527 5054 6778 6943 1760 4949  827 4078 3324 5795 
6130 4202  599 2764 4230 3076 5470 9855 7921 7328 8594 2359 5784 9815 7963 5846 
8015 8017 7179 5682 2167 3708 6346 5457 6630 6164 4132 5068 2888 3369 5676 3467 
3417 2073 8143 5052 1117 1011 9635 9028 1492 7757 9363 8099 7975 7070 1342 4056 
7225 4756 3827 4475 2137 2643 5699 5273 4780 1912 9989 1006 6253 1214 3628 5445 
2806 6787  207 7396 8344 5400 8415 4467  997 4439 1682 8309 1972 1241 6633 4122 
 336 3557 2025 5560 3546 3299 6392 4072 5375 9434 6937 4382 5169 2712  109 2965 
2113 2637 2787 7339 8626  218 8895  514 8218 2423 9524 8792 8288 6694 6462 8673 
1700 6444 9396 9491 9432 2571 9608 3617 3000 9750 6480 8222 9070 7648 4652 5200 
2760 6641 3706 6670 8096 7818 2592 8567 6077 6805 3453 7495 6940 9677 2594 7241 
7693 4788 6537 9499 7344 5020 2534 6272 8230 7199 3760 4374 7952 6466 9919 9137 
9685 4589  616 6307 7702 5721  427 7448 1671 5257 1733 1455 7055 4857 4639 9836 
3087 4824 6501 3935 2596 7158 4398 3086 7999 6655 7717 9274 2972  187 4930 2293 
5878 8066 2042 2633 1847 5071 7555 5367  930 3132 2419  486 1988 3923 7721 7421 
8082 6847 3498 7881 3724 2110 2205 7198 4053 2850 8603 3174 9498  866 1363 9800 
9588 2474 1618 1179 5486 2808 4266  268 7436 3894 2950 3824 3432 2195 1338 4647 
1156 4759 1411  499 3492 7756 3655 4553 8703 8683 6615 7568 9139 7984 9458 4937 
4894 9562 1438 2536 1314 9340 4033 1416 2122 3568 8525 7847 4005 1534 4897 1978 
9693 2016 5963 4695 1138 6867 3367 7377 7535 4662 6689  213 7692 3382 9583 9820 
9130 6356 9202 5263 1855 2159 6459 1648 4816  439 2083 2550 8545 6373 5827 7884 
4889  289 5066 5868 6691 3692 6667 5886 1487 4225 2970 6693 2455 3729 2883 4075 
9769 7575 8908 9533 2168  502 9622 3084 4586 5030  478 2232 6280 8290 8645 6837 
3945 1731  911 3572 2377 6704 1081 9145  540  734  421 9120 2500 9289 6303 8811 
1466 3607 6868 2946 7724 7455 5223 8535 2748 6042 6651 2051 2290 2732 9464  793 
